timestamp, clientAddress, name_to_resolve, resolved_name
30020,clientPoolB,test-service,nodeA_c00
30302,clientPoolB,test-service,nodeA_c00
30369,clientPoolB,test-service,nodeA_c00
30410,clientPoolB,test-service,nodeA_c00
30448,clientPoolB,test-service,nodeA_c00
30482,clientPoolB,test-service,nodeA_c00
30533,clientPoolB,test-service,nodeA_c00
30568,clientPoolB,test-service,nodeA_c00
30608,clientPoolB,test-service,nodeA_c00
30645,clientPoolB,test-service,nodeA_c00
30683,clientPoolB,test-service,nodeA_c00
30728,clientPoolB,test-service,nodeA_c00
30763,clientPoolB,test-service,nodeA_c00
30797,clientPoolB,test-service,nodeA_c00
30842,clientPoolB,test-service,nodeA_c00
30880,clientPoolB,test-service,nodeA_c00
30931,clientPoolB,test-service,nodeA_c00
30978,clientPoolB,test-service,nodeA_c00
31022,clientPoolB,test-service,nodeA_c00
31064,clientPoolB,test-service,nodeA_c00
31117,clientPoolB,test-service,nodeA_c01
31237,clientPoolB,test-service,nodeA_c01
31285,clientPoolB,test-service,nodeA_c01
31328,clientPoolB,test-service,nodeA_c01
31371,clientPoolB,test-service,nodeA_c01
31415,clientPoolB,test-service,nodeA_c01
31455,clientPoolB,test-service,nodeA_c01
31508,clientPoolB,test-service,nodeA_c01
31544,clientPoolB,test-service,nodeA_c01
31586,clientPoolB,test-service,nodeA_c01
31633,clientPoolB,test-service,nodeA_c01
31674,clientPoolB,test-service,nodeA_c01
31714,clientPoolB,test-service,nodeA_c01
31770,clientPoolB,test-service,nodeA_c01
31803,clientPoolB,test-service,nodeA_c01
31855,clientPoolB,test-service,nodeA_c01
31886,clientPoolB,test-service,nodeA_c01
31929,clientPoolB,test-service,nodeA_c01
31979,clientPoolB,test-service,nodeA_c01
32030,clientPoolB,test-service,nodeA_c01
32082,clientPoolB,test-service,nodeA_c02
32142,clientPoolB,test-service,nodeA_c02
32190,clientPoolB,test-service,nodeA_c02
32233,clientPoolB,test-service,nodeA_c02
32276,clientPoolB,test-service,nodeA_c02
32353,clientPoolB,test-service,nodeA_c02
32396,clientPoolB,test-service,nodeA_c02
32447,clientPoolB,test-service,nodeA_c02
32494,clientPoolB,test-service,nodeA_c02
32532,clientPoolB,test-service,nodeA_c02
32577,clientPoolB,test-service,nodeA_c02
32613,clientPoolB,test-service,nodeA_c02
32660,clientPoolB,test-service,nodeA_c02
32697,clientPoolB,test-service,nodeA_c02
32737,clientPoolB,test-service,nodeA_c02
32777,clientPoolB,test-service,nodeA_c02
32821,clientPoolB,test-service,nodeA_c02
32860,clientPoolB,test-service,nodeA_c02
32901,clientPoolB,test-service,nodeA_c02
32942,clientPoolB,test-service,nodeA_c02
90003,clientPoolB,test-service,nodeA_c05
90086,clientPoolB,test-service,nodeA_c05
90124,clientPoolB,test-service,nodeA_c05
90162,clientPoolB,test-service,nodeA_c00
90217,clientPoolB,test-service,nodeA_c00
90261,clientPoolB,test-service,nodeA_c00
90313,clientPoolB,test-service,nodeA_c00
90359,clientPoolB,test-service,nodeA_c00
90396,clientPoolB,test-service,nodeA_c00
90436,clientPoolB,test-service,nodeA_c05
90474,clientPoolB,test-service,nodeA_c00
90508,clientPoolB,test-service,nodeA_c05
90548,clientPoolB,test-service,nodeA_c00
90589,clientPoolB,test-service,nodeA_c05
90623,clientPoolB,test-service,nodeA_c00
90664,clientPoolB,test-service,nodeA_c00
90711,clientPoolB,test-service,nodeA_c05
90756,clientPoolB,test-service,nodeA_c05
90792,clientPoolB,test-service,nodeA_c00
90823,clientPoolB,test-service,nodeA_c00
90875,clientPoolB,test-service,nodeA_c01
90929,clientPoolB,test-service,nodeA_c04
90986,clientPoolB,test-service,nodeA_c04
91024,clientPoolB,test-service,nodeA_c04
91069,clientPoolB,test-service,nodeA_c04
91106,clientPoolB,test-service,nodeA_c01
91164,clientPoolB,test-service,nodeA_c01
91206,clientPoolB,test-service,nodeA_c01
91258,clientPoolB,test-service,nodeA_c04
91302,clientPoolB,test-service,nodeA_c01
91342,clientPoolB,test-service,nodeA_c04
91383,clientPoolB,test-service,nodeA_c04
91422,clientPoolB,test-service,nodeA_c04
91466,clientPoolB,test-service,nodeA_c01
91512,clientPoolB,test-service,nodeA_c04
91557,clientPoolB,test-service,nodeA_c04
91592,clientPoolB,test-service,nodeA_c01
91647,clientPoolB,test-service,nodeA_c04
91692,clientPoolB,test-service,nodeA_c04
91733,clientPoolB,test-service,nodeA_c04
91786,clientPoolB,test-service,nodeA_c02
91827,clientPoolB,test-service,nodeA_c03
91859,clientPoolB,test-service,nodeA_c03
91897,clientPoolB,test-service,nodeA_c03
91928,clientPoolB,test-service,nodeA_c02
91969,clientPoolB,test-service,nodeA_c03
92018,clientPoolB,test-service,nodeA_c02
92051,clientPoolB,test-service,nodeA_c02
92088,clientPoolB,test-service,nodeA_c02
92131,clientPoolB,test-service,nodeA_c03
92201,clientPoolB,test-service,nodeA_c03
92261,clientPoolB,test-service,nodeA_c03
92297,clientPoolB,test-service,nodeA_c02
92332,clientPoolB,test-service,nodeA_c03
92381,clientPoolB,test-service,nodeA_c02
92428,clientPoolB,test-service,nodeA_c02
92482,clientPoolB,test-service,nodeA_c03
92522,clientPoolB,test-service,nodeA_c02
92574,clientPoolB,test-service,nodeA_c03
92617,clientPoolB,test-service,nodeA_c02
150003,clientPoolB,test-service,nodeB_c01
150081,clientPoolB,test-service,nodeB_c01
150131,clientPoolB,test-service,nodeB_c01
150166,clientPoolB,test-service,nodeB_c01
150207,clientPoolB,test-service,nodeB_c01
150253,clientPoolB,test-service,nodeB_c01
150291,clientPoolB,test-service,nodeB_c01
150332,clientPoolB,test-service,nodeB_c01
150383,clientPoolB,test-service,nodeB_c01
150423,clientPoolB,test-service,nodeB_c01
150468,clientPoolB,test-service,nodeB_c01
150517,clientPoolB,test-service,nodeB_c01
150560,clientPoolB,test-service,nodeB_c01
150591,clientPoolB,test-service,nodeB_c01
150634,clientPoolB,test-service,nodeB_c01
150676,clientPoolB,test-service,nodeB_c01
150715,clientPoolB,test-service,nodeB_c01
150757,clientPoolB,test-service,nodeB_c01
150800,clientPoolB,test-service,nodeB_c01
150840,clientPoolB,test-service,nodeB_c01
150898,clientPoolB,test-service,nodeB_c00
150948,clientPoolB,test-service,nodeB_c00
151007,clientPoolB,test-service,nodeB_c00
151056,clientPoolB,test-service,nodeB_c00
151093,clientPoolB,test-service,nodeB_c00
151132,clientPoolB,test-service,nodeB_c00
151175,clientPoolB,test-service,nodeB_c00
151215,clientPoolB,test-service,nodeB_c00
151250,clientPoolB,test-service,nodeB_c00
151291,clientPoolB,test-service,nodeB_c00
151341,clientPoolB,test-service,nodeB_c00
151385,clientPoolB,test-service,nodeB_c00
151429,clientPoolB,test-service,nodeB_c00
151468,clientPoolB,test-service,nodeB_c00
151523,clientPoolB,test-service,nodeB_c00
151573,clientPoolB,test-service,nodeB_c00
151606,clientPoolB,test-service,nodeB_c00
151644,clientPoolB,test-service,nodeB_c00
151675,clientPoolB,test-service,nodeB_c00
151719,clientPoolB,test-service,nodeB_c00
151775,clientPoolB,test-service,nodeB_c02
151823,clientPoolB,test-service,nodeB_c02
151871,clientPoolB,test-service,nodeB_c02
151902,clientPoolB,test-service,nodeB_c02
151943,clientPoolB,test-service,nodeB_c02
151979,clientPoolB,test-service,nodeB_c02
152024,clientPoolB,test-service,nodeB_c02
152067,clientPoolB,test-service,nodeB_c02
152118,clientPoolB,test-service,nodeB_c02
152165,clientPoolB,test-service,nodeB_c02
152205,clientPoolB,test-service,nodeB_c02
152246,clientPoolB,test-service,nodeB_c02
152294,clientPoolB,test-service,nodeB_c02
152331,clientPoolB,test-service,nodeB_c02
152372,clientPoolB,test-service,nodeB_c02
152406,clientPoolB,test-service,nodeB_c02
152439,clientPoolB,test-service,nodeB_c02
152484,clientPoolB,test-service,nodeB_c02
152524,clientPoolB,test-service,nodeB_c02
152559,clientPoolB,test-service,nodeB_c02
210005,clientPoolB,test-service,nodeB_c02
210073,clientPoolB,test-service,nodeB_c02
210131,clientPoolB,test-service,nodeB_c05
210183,clientPoolB,test-service,nodeB_c05
210238,clientPoolB,test-service,nodeB_c05
210286,clientPoolB,test-service,nodeB_c05
210340,clientPoolB,test-service,nodeB_c05
210374,clientPoolB,test-service,nodeB_c05
210408,clientPoolB,test-service,nodeB_c02
210454,clientPoolB,test-service,nodeB_c05
210491,clientPoolB,test-service,nodeB_c05
210530,clientPoolB,test-service,nodeB_c02
210568,clientPoolB,test-service,nodeB_c05
210610,clientPoolB,test-service,nodeB_c02
210660,clientPoolB,test-service,nodeB_c05
210711,clientPoolB,test-service,nodeB_c02
210741,clientPoolB,test-service,nodeB_c02
210799,clientPoolB,test-service,nodeB_c05
210834,clientPoolB,test-service,nodeB_c02
210875,clientPoolB,test-service,nodeB_c05
210913,clientPoolB,test-service,nodeB_c04
210960,clientPoolB,test-service,nodeB_c01
211009,clientPoolB,test-service,nodeB_c04
211057,clientPoolB,test-service,nodeB_c04
211106,clientPoolB,test-service,nodeB_c04
211154,clientPoolB,test-service,nodeB_c01
211206,clientPoolB,test-service,nodeB_c01
211245,clientPoolB,test-service,nodeB_c01
211290,clientPoolB,test-service,nodeB_c01
211334,clientPoolB,test-service,nodeB_c04
211387,clientPoolB,test-service,nodeB_c04
211429,clientPoolB,test-service,nodeB_c04
211474,clientPoolB,test-service,nodeB_c04
211511,clientPoolB,test-service,nodeB_c04
211559,clientPoolB,test-service,nodeB_c01
211608,clientPoolB,test-service,nodeB_c04
211649,clientPoolB,test-service,nodeB_c04
211687,clientPoolB,test-service,nodeB_c01
211734,clientPoolB,test-service,nodeB_c01
211778,clientPoolB,test-service,nodeB_c01
211820,clientPoolB,test-service,nodeB_c00
211862,clientPoolB,test-service,nodeB_c03
211910,clientPoolB,test-service,nodeB_c00
211956,clientPoolB,test-service,nodeB_c03
212009,clientPoolB,test-service,nodeB_c00
212050,clientPoolB,test-service,nodeB_c03
212090,clientPoolB,test-service,nodeB_c03
212140,clientPoolB,test-service,nodeB_c00
212177,clientPoolB,test-service,nodeB_c03
212227,clientPoolB,test-service,nodeB_c00
212265,clientPoolB,test-service,nodeB_c03
212308,clientPoolB,test-service,nodeB_c00
212345,clientPoolB,test-service,nodeB_c00
212397,clientPoolB,test-service,nodeB_c00
212431,clientPoolB,test-service,nodeB_c03
212467,clientPoolB,test-service,nodeB_c00
212508,clientPoolB,test-service,nodeB_c00
212543,clientPoolB,test-service,nodeB_c03
212577,clientPoolB,test-service,nodeB_c03
212609,clientPoolB,test-service,nodeB_c03
270002,clientPoolB,test-service,nodeB_c08
270050,clientPoolB,test-service,nodeB_c08
270091,clientPoolB,test-service,nodeB_c08
270118,clientPoolB,test-service,nodeB_c02
270153,clientPoolB,test-service,nodeB_c05
270190,clientPoolB,test-service,nodeB_c02
270220,clientPoolB,test-service,nodeB_c02
270259,clientPoolB,test-service,nodeB_c08
270295,clientPoolB,test-service,nodeB_c02
270324,clientPoolB,test-service,nodeB_c05
270358,clientPoolB,test-service,nodeB_c08
270408,clientPoolB,test-service,nodeB_c08
270446,clientPoolB,test-service,nodeB_c05
270479,clientPoolB,test-service,nodeB_c02
270518,clientPoolB,test-service,nodeB_c02
270556,clientPoolB,test-service,nodeB_c02
270602,clientPoolB,test-service,nodeB_c05
270649,clientPoolB,test-service,nodeB_c05
270685,clientPoolB,test-service,nodeB_c05
270725,clientPoolB,test-service,nodeB_c08
270767,clientPoolB,test-service,nodeB_c01
270816,clientPoolB,test-service,nodeB_c07
270868,clientPoolB,test-service,nodeB_c07
270913,clientPoolB,test-service,nodeB_c01
270952,clientPoolB,test-service,nodeB_c01
270991,clientPoolB,test-service,nodeB_c01
271022,clientPoolB,test-service,nodeB_c01
271063,clientPoolB,test-service,nodeB_c01
271107,clientPoolB,test-service,nodeB_c04
271141,clientPoolB,test-service,nodeB_c01
271181,clientPoolB,test-service,nodeB_c01
271216,clientPoolB,test-service,nodeB_c07
271252,clientPoolB,test-service,nodeB_c04
271303,clientPoolB,test-service,nodeB_c04
271343,clientPoolB,test-service,nodeB_c07
271374,clientPoolB,test-service,nodeB_c07
271418,clientPoolB,test-service,nodeB_c07
271455,clientPoolB,test-service,nodeB_c04
271509,clientPoolB,test-service,nodeB_c01
271539,clientPoolB,test-service,nodeB_c04
271577,clientPoolB,test-service,nodeB_c00
271617,clientPoolB,test-service,nodeB_c03
271660,clientPoolB,test-service,nodeB_c06
271721,clientPoolB,test-service,nodeB_c03
271764,clientPoolB,test-service,nodeB_c03
271800,clientPoolB,test-service,nodeB_c00
271838,clientPoolB,test-service,nodeB_c03
271872,clientPoolB,test-service,nodeB_c03
271916,clientPoolB,test-service,nodeB_c00
271969,clientPoolB,test-service,nodeB_c06
272005,clientPoolB,test-service,nodeB_c06
272048,clientPoolB,test-service,nodeB_c06
272094,clientPoolB,test-service,nodeB_c00
272127,clientPoolB,test-service,nodeB_c06
272168,clientPoolB,test-service,nodeB_c00
272200,clientPoolB,test-service,nodeB_c03
272244,clientPoolB,test-service,nodeB_c06
272276,clientPoolB,test-service,nodeB_c06
272308,clientPoolB,test-service,nodeB_c03
272351,clientPoolB,test-service,nodeB_c03
330008,clientPoolB,test-service,nodeB_c08
330075,clientPoolB,test-service,nodeB_c08
330120,clientPoolB,test-service,nodeB_c02
330156,clientPoolB,test-service,nodeB_c05
330202,clientPoolB,test-service,nodeB_c02
330244,clientPoolB,test-service,nodeB_c02
330285,clientPoolB,test-service,nodeB_c08
330347,clientPoolB,test-service,nodeB_c11
330400,clientPoolB,test-service,nodeB_c02
330447,clientPoolB,test-service,nodeB_c05
330488,clientPoolB,test-service,nodeB_c11
330538,clientPoolB,test-service,nodeB_c05
330576,clientPoolB,test-service,nodeB_c02
330619,clientPoolB,test-service,nodeB_c05
330663,clientPoolB,test-service,nodeB_c11
330703,clientPoolB,test-service,nodeB_c05
330741,clientPoolB,test-service,nodeB_c08
330778,clientPoolB,test-service,nodeB_c11
330823,clientPoolB,test-service,nodeB_c05
330870,clientPoolB,test-service,nodeB_c11
330914,clientPoolB,test-service,nodeB_c10
330955,clientPoolB,test-service,nodeB_c07
330992,clientPoolB,test-service,nodeB_c10
331025,clientPoolB,test-service,nodeB_c01
331067,clientPoolB,test-service,nodeB_c07
331103,clientPoolB,test-service,nodeB_c10
331143,clientPoolB,test-service,nodeB_c01
331193,clientPoolB,test-service,nodeB_c10
331236,clientPoolB,test-service,nodeB_c01
331279,clientPoolB,test-service,nodeB_c01
331317,clientPoolB,test-service,nodeB_c07
331371,clientPoolB,test-service,nodeB_c01
331403,clientPoolB,test-service,nodeB_c01
331445,clientPoolB,test-service,nodeB_c04
331485,clientPoolB,test-service,nodeB_c04
331528,clientPoolB,test-service,nodeB_c01
331579,clientPoolB,test-service,nodeB_c10
331623,clientPoolB,test-service,nodeB_c07
331660,clientPoolB,test-service,nodeB_c01
331705,clientPoolB,test-service,nodeB_c10
331742,clientPoolB,test-service,nodeB_c06
331774,clientPoolB,test-service,nodeB_c06
331810,clientPoolB,test-service,nodeB_c06
331854,clientPoolB,test-service,nodeB_c09
331898,clientPoolB,test-service,nodeB_c03
331934,clientPoolB,test-service,nodeB_c06
331961,clientPoolB,test-service,nodeB_c09
332004,clientPoolB,test-service,nodeB_c09
332048,clientPoolB,test-service,nodeB_c06
332079,clientPoolB,test-service,nodeB_c00
332111,clientPoolB,test-service,nodeB_c03
332140,clientPoolB,test-service,nodeB_c09
332204,clientPoolB,test-service,nodeB_c09
332237,clientPoolB,test-service,nodeB_c09
332274,clientPoolB,test-service,nodeB_c03
332306,clientPoolB,test-service,nodeB_c09
332340,clientPoolB,test-service,nodeB_c03
332380,clientPoolB,test-service,nodeB_c00
332416,clientPoolB,test-service,nodeB_c03
332450,clientPoolB,test-service,nodeB_c00
390003,clientPoolB,test-service,nodeB_c16
390073,clientPoolB,test-service,nodeB_c04
390144,clientPoolB,test-service,nodeB_c07
390192,clientPoolB,test-service,nodeB_c07
390240,clientPoolB,test-service,nodeB_c04
390294,clientPoolB,test-service,nodeB_c01
390347,clientPoolB,test-service,nodeB_c07
390402,clientPoolB,test-service,nodeB_c13
390469,clientPoolB,test-service,nodeB_c07
390512,clientPoolB,test-service,nodeB_c10
390559,clientPoolB,test-service,nodeB_c04
390605,clientPoolB,test-service,nodeB_c13
390659,clientPoolB,test-service,nodeB_c04
390700,clientPoolB,test-service,nodeB_c01
390745,clientPoolB,test-service,nodeB_c01
390795,clientPoolB,test-service,nodeB_c07
390846,clientPoolB,test-service,nodeB_c04
390898,clientPoolB,test-service,nodeB_c16
390940,clientPoolB,test-service,nodeB_c16
390995,clientPoolB,test-service,nodeB_c16
391053,clientPoolB,test-service,nodeB_c09
391098,clientPoolB,test-service,nodeB_c00
391147,clientPoolB,test-service,nodeB_c03
391199,clientPoolB,test-service,nodeB_c15
391256,clientPoolB,test-service,nodeB_c03
391313,clientPoolB,test-service,nodeB_c12
391371,clientPoolB,test-service,nodeB_c12
391421,clientPoolB,test-service,nodeB_c12
391468,clientPoolB,test-service,nodeB_c03
391515,clientPoolB,test-service,nodeB_c09
391566,clientPoolB,test-service,nodeB_c00
391612,clientPoolB,test-service,nodeB_c06
391681,clientPoolB,test-service,nodeB_c00
391733,clientPoolB,test-service,nodeB_c15
391789,clientPoolB,test-service,nodeB_c00
391838,clientPoolB,test-service,nodeB_c03
391905,clientPoolB,test-service,nodeB_c09
391950,clientPoolB,test-service,nodeB_c03
392002,clientPoolB,test-service,nodeB_c00
392054,clientPoolB,test-service,nodeB_c09
392114,clientPoolB,test-service,nodeB_c11
392160,clientPoolB,test-service,nodeB_c11
392222,clientPoolB,test-service,nodeB_c02
392292,clientPoolB,test-service,nodeB_c02
392358,clientPoolB,test-service,nodeB_c05
392408,clientPoolB,test-service,nodeB_c14
392456,clientPoolB,test-service,nodeB_c05
392509,clientPoolB,test-service,nodeB_c08
392560,clientPoolB,test-service,nodeB_c11
392613,clientPoolB,test-service,nodeB_c11
392672,clientPoolB,test-service,nodeB_c08
392723,clientPoolB,test-service,nodeB_c11
392774,clientPoolB,test-service,nodeB_c14
392822,clientPoolB,test-service,nodeB_c02
392871,clientPoolB,test-service,nodeB_c05
392929,clientPoolB,test-service,nodeB_c14
392984,clientPoolB,test-service,nodeB_c17
393069,clientPoolB,test-service,nodeB_c17
393104,clientPoolB,test-service,nodeB_c08
393159,clientPoolB,test-service,nodeB_c08
450005,clientPoolB,test-service,nodeB_c13
450053,clientPoolB,test-service,nodeB_c04
450098,clientPoolB,test-service,nodeB_c10
450148,clientPoolB,test-service,nodeB_c16
450179,clientPoolB,test-service,nodeB_c13
450218,clientPoolB,test-service,nodeB_c07
450260,clientPoolB,test-service,nodeB_c16
450303,clientPoolB,test-service,nodeB_c19
450348,clientPoolB,test-service,nodeB_c01
450396,clientPoolB,test-service,nodeB_c13
450432,clientPoolB,test-service,nodeB_c01
450467,clientPoolB,test-service,nodeB_c07
450501,clientPoolB,test-service,nodeB_c01
450545,clientPoolB,test-service,nodeB_c19
450585,clientPoolB,test-service,nodeB_c13
450623,clientPoolB,test-service,nodeB_c19
450669,clientPoolB,test-service,nodeB_c07
450719,clientPoolB,test-service,nodeB_c19
450771,clientPoolB,test-service,nodeB_c04
450810,clientPoolB,test-service,nodeB_c04
450848,clientPoolB,test-service,nodeB_c14
450902,clientPoolB,test-service,nodeB_c14
450952,clientPoolB,test-service,nodeB_c05
450995,clientPoolB,test-service,nodeB_c14
451033,clientPoolB,test-service,nodeB_c11
451088,clientPoolB,test-service,nodeB_c02
451124,clientPoolB,test-service,nodeB_c05
451159,clientPoolB,test-service,nodeB_c17
451198,clientPoolB,test-service,nodeB_c17
451239,clientPoolB,test-service,nodeB_c05
451276,clientPoolB,test-service,nodeB_c14
451317,clientPoolB,test-service,nodeB_c02
451357,clientPoolB,test-service,nodeB_c08
451403,clientPoolB,test-service,nodeB_c17
451438,clientPoolB,test-service,nodeB_c08
451481,clientPoolB,test-service,nodeB_c11
451530,clientPoolB,test-service,nodeB_c17
451568,clientPoolB,test-service,nodeB_c02
451606,clientPoolB,test-service,nodeB_c08
451651,clientPoolB,test-service,nodeB_c05
451709,clientPoolB,test-service,nodeB_c15
451762,clientPoolB,test-service,nodeB_c03
451801,clientPoolB,test-service,nodeB_c00
451841,clientPoolB,test-service,nodeB_c15
451885,clientPoolB,test-service,nodeB_c06
451926,clientPoolB,test-service,nodeB_c15
451969,clientPoolB,test-service,nodeB_c00
452005,clientPoolB,test-service,nodeB_c00
452055,clientPoolB,test-service,nodeB_c06
452094,clientPoolB,test-service,nodeB_c09
452139,clientPoolB,test-service,nodeB_c06
452185,clientPoolB,test-service,nodeB_c09
452228,clientPoolB,test-service,nodeB_c18
452281,clientPoolB,test-service,nodeB_c12
452329,clientPoolB,test-service,nodeB_c03
452368,clientPoolB,test-service,nodeB_c15
452404,clientPoolB,test-service,nodeB_c03
452450,clientPoolB,test-service,nodeB_c15
452487,clientPoolB,test-service,nodeB_c09
452523,clientPoolB,test-service,nodeB_c09
510008,clientPoolB,test-service,nodeB_c00
510051,clientPoolB,test-service,nodeB_c03
510089,clientPoolB,test-service,nodeB_c12
510130,clientPoolB,test-service,nodeB_c18
510175,clientPoolB,test-service,nodeB_c00
510214,clientPoolB,test-service,nodeB_c06
510252,clientPoolB,test-service,nodeB_c03
510289,clientPoolB,test-service,nodeB_c12
510324,clientPoolB,test-service,nodeB_c18
510361,clientPoolB,test-service,nodeB_c12
510404,clientPoolB,test-service,nodeB_c06
510440,clientPoolB,test-service,nodeB_c15
510474,clientPoolB,test-service,nodeB_c12
510519,clientPoolB,test-service,nodeB_c15
510555,clientPoolB,test-service,nodeB_c09
510597,clientPoolB,test-service,nodeB_c15
510646,clientPoolB,test-service,nodeB_c14
510699,clientPoolB,test-service,nodeB_c15
510748,clientPoolB,test-service,nodeB_c14
510793,clientPoolB,test-service,nodeB_c03
510829,clientPoolB,test-service,nodeB_c05
510863,clientPoolB,test-service,nodeB_c08
510924,clientPoolB,test-service,nodeB_c02
510964,clientPoolB,test-service,nodeB_c11
511008,clientPoolB,test-service,nodeB_c08
511050,clientPoolB,test-service,nodeB_c05
511084,clientPoolB,test-service,nodeB_c08
511126,clientPoolB,test-service,nodeB_c08
511167,clientPoolB,test-service,nodeB_c11
511202,clientPoolB,test-service,nodeB_c05
511236,clientPoolB,test-service,nodeB_c02
511278,clientPoolB,test-service,nodeB_c11
511316,clientPoolB,test-service,nodeB_c08
511356,clientPoolB,test-service,nodeB_c08
511401,clientPoolB,test-service,nodeB_c05
511446,clientPoolB,test-service,nodeB_c05
511478,clientPoolB,test-service,nodeB_c08
511524,clientPoolB,test-service,nodeB_c08
511561,clientPoolB,test-service,nodeB_c11
511594,clientPoolB,test-service,nodeB_c05
511641,clientPoolB,test-service,nodeB_c13
511677,clientPoolB,test-service,nodeB_c04
511710,clientPoolB,test-service,nodeB_c16
511755,clientPoolB,test-service,nodeB_c16
511797,clientPoolB,test-service,nodeB_c17
511846,clientPoolB,test-service,nodeB_c01
511891,clientPoolB,test-service,nodeB_c17
511926,clientPoolB,test-service,nodeB_c07
511965,clientPoolB,test-service,nodeB_c07
512006,clientPoolB,test-service,nodeB_c19
512044,clientPoolB,test-service,nodeB_c10
512078,clientPoolB,test-service,nodeB_c01
512114,clientPoolB,test-service,nodeB_c10
512147,clientPoolB,test-service,nodeB_c04
512178,clientPoolB,test-service,nodeB_c04
512222,clientPoolB,test-service,nodeB_c16
512256,clientPoolB,test-service,nodeB_c07
512293,clientPoolB,test-service,nodeB_c13
512325,clientPoolB,test-service,nodeB_c07
512375,clientPoolB,test-service,nodeB_c17
570010,clientPoolB,test-service,nodeB_c00
570044,clientPoolB,test-service,nodeB_c06
570070,clientPoolB,test-service,nodeB_c12
570100,clientPoolB,test-service,nodeB_c03
570140,clientPoolB,test-service,nodeB_c12
570175,clientPoolB,test-service,nodeB_c02
570215,clientPoolB,test-service,nodeB_c12
570245,clientPoolB,test-service,nodeB_c18
570274,clientPoolB,test-service,nodeB_c08
570313,clientPoolB,test-service,nodeB_c09
570345,clientPoolB,test-service,nodeB_c06
570385,clientPoolB,test-service,nodeB_c03
570415,clientPoolB,test-service,nodeB_c00
570454,clientPoolB,test-service,nodeB_c02
570493,clientPoolB,test-service,nodeB_c02
570527,clientPoolB,test-service,nodeB_c15
570566,clientPoolB,test-service,nodeB_c08
570596,clientPoolB,test-service,nodeB_c08
570640,clientPoolB,test-service,nodeB_c08
570675,clientPoolB,test-service,nodeB_c18
570705,clientPoolB,test-service,nodeB_c04
570735,clientPoolB,test-service,nodeB_c07
570784,clientPoolB,test-service,nodeB_c13
570818,clientPoolB,test-service,nodeB_c07
570852,clientPoolB,test-service,nodeB_c07
570882,clientPoolB,test-service,nodeB_c10
570913,clientPoolB,test-service,nodeB_c11
570947,clientPoolB,test-service,nodeB_c10
570978,clientPoolB,test-service,nodeB_c07
571014,clientPoolB,test-service,nodeB_c11
571045,clientPoolB,test-service,nodeB_c16
571074,clientPoolB,test-service,nodeB_c04
571119,clientPoolB,test-service,nodeB_c01
571152,clientPoolB,test-service,nodeB_c17
571190,clientPoolB,test-service,nodeB_c01
571231,clientPoolB,test-service,nodeB_c01
571264,clientPoolB,test-service,nodeB_c13
571303,clientPoolB,test-service,nodeB_c19
571346,clientPoolB,test-service,nodeB_c01
571391,clientPoolB,test-service,nodeB_c04
571445,clientPoolB,test-service,nodeB_c05
571507,clientPoolB,test-service,nodeB_c05
571546,clientPoolB,test-service,nodeB_c05
571585,clientPoolB,test-service,nodeB_c05
571623,clientPoolB,test-service,nodeB_c05
571662,clientPoolB,test-service,nodeB_c05
571693,clientPoolB,test-service,nodeB_c05
571731,clientPoolB,test-service,nodeB_c05
571763,clientPoolB,test-service,nodeB_c05
571793,clientPoolB,test-service,nodeB_c05
571823,clientPoolB,test-service,nodeB_c05
571866,clientPoolB,test-service,nodeB_c05
571901,clientPoolB,test-service,nodeB_c05
571939,clientPoolB,test-service,nodeB_c05
571997,clientPoolB,test-service,nodeB_c05
572035,clientPoolB,test-service,nodeB_c05
572083,clientPoolB,test-service,nodeB_c05
572129,clientPoolB,test-service,nodeB_c05
572161,clientPoolB,test-service,nodeB_c05
572197,clientPoolB,test-service,nodeB_c05
